distances = [
    [0, 633, 542, 752, 788, 356, 774, 218, 637, 373],
    [637, 0, 915, 476, 489, 969, 209, 777, 76, 653],
    [544, 909, 0, 728, 720, 550, 990, 529, 856, 914],
    [52, 461, 747, 0, 80, 977, 454, 782, 408, 926],
    [793, 490, 743, 78, 0, 973, 386, 823, 438, 967],
    [363, 968, 514, 961, 953, 0, 1109, 457, 972, 515],
    [719, 179, 963, 404, 379, 1051, 0, 835, 155, 767],
    [123, 678, 437, 696, 731, 369, 783, 0, 646, 493],
    [607, 77, 862, 423, 435, 939, 185, 724, 0, 656],
    [384, 648, 923, 937, 972, 507, 789, 599, 653, 0]
]